4253.700195
1058.199951
548.174988
275.424988
136.031250
68.384377
38.926563
13.207031
6.479297

-------n-------
4398.500000
2220.550049
1147.750000
555.125000
277.356262
133.393753
69.481247
38.251564
13.173047
6.477344

-------n-------
8812.599609
4662.299805
2248.975098
1141.737549
559.962524
284.737488
137.453125
70.557816
38.875782
13.149610
6.461914

-------n-------
17872.900391
9020.450195
4417.924805
2238.024902
1086.125000
548.525024
268.396881
138.128906
68.162498
37.630470
13.135157
6.471972

-------n-------
34870.101562
17334.699219
8753.700195
4278.512695
2145.956299
1071.778076
541.806274
275.881256
140.125778
73.962891
40.806934
13.145899
6.500513

-------n-------
69640.796875
34888.851562
17564.949219
8556.937500
4304.162598
2140.553223
1075.226562
540.396851
273.314453
139.273041
74.610641
31.292530
13.145361
6.468249

-------n-------
140208.203125
69750.648438
34953.375000
17119.525391
8590.869141
4296.784180
2166.246826
1076.403076
537.472656
267.686920
138.579681
72.851952
32.440163
13.135828
6.465478

-------n-------
280944.500000
139948.796875
69485.578125
34107.273438
17221.917969
8853.150391
4659.131348
2335.755371
1190.830811
583.740051
300.248535
148.136475
74.883713
35.179359
14.344061
6.476388

-------n-------
565372.375000
278095.812500
139042.031250
69656.359375
34912.125000
17743.431641
9557.990234
4786.418945
2431.791016
1176.767944
604.374512
303.901947
148.648636
75.643082
35.883705
14.341690
6.472038

-------n-------
1135141.125000
559975.750000
278284.125000
136508.453125
68666.109375
35499.960938
18920.585938
9525.858398
4876.688477
2333.916016
1197.675293
603.500549
330.559631
149.189606
75.348297
31.781301
14.504122
6.677339

-------n-------
2266164.750000
1117244.375000
555924.312500
272920.156250
137249.593750
70476.523438
36945.789062
18167.472656
9800.461914
4516.426758
2302.260254
1183.647705
577.474426
285.742035
143.795654
74.491173
32.767902
13.143826
6.475535

-------n-------
4532760.500000
2266952.500000
1150329.250000
595505.625000
343197.250000
225272.156250
130860.164062
67321.515625
39331.007812
20841.046875
12504.123047
5465.125488
1567.810181
717.928345
288.690674
142.912079
75.060333
32.782948
13.134587
6.529363

-------n-------
9154757.000000
4742141.000000
2360801.500000
1288119.750000
814964.125000
680663.875000
365652.312500
195644.718750
121988.398438
56254.417969
29910.880859
14863.661133
8297.205078
4083.953125
2089.000488
279.462158
143.731766
74.972328
32.541840
13.330869
6.525744

-------n-------
18446000.000000
9284426.000000
4710094.500000
2904299.500000
1710421.250000
1547307.375000
789068.437500
412727.125000
259102.171875
123531.640625
61157.695312
32242.384766
17384.570312
8335.817383
4332.579102
2133.914062
283.928345
144.662933
75.743210
32.888298
13.192317
6.549368

-------n-------
36556024.000000
18495158.000000
9429121.000000
5242708.000000
3675116.500000
3565424.000000
1602053.500000
845803.500000
525651.625000
254642.953125
124092.578125
63655.488281
34559.035156
16705.794922
8727.459961
4271.623047
2160.489990
282.619110
144.936005
75.545975
33.391716
13.241079
6.581102

-------n-------
73235184.000000
37042724.000000
18870858.000000
10503112.000000
6989113.000000
6472361.000000
3213184.000000
1679161.375000
1166037.125000
550664.812500
250075.421875
128466.523438
71283.015625
34140.964844
17737.541016
8482.448242
4243.002930
2452.779053
1280.742920
157.787552
76.418968
34.375481
13.251712
6.538285

-------n-------
